>> a=[1 2; 3 4; 5 6]
a =

   1   2
   3   4
   5   6

>> a(3,2)
ans =  6
>> a([1 3],:)
ans =

   1   2
   5   6

>> a
a =

   1   2
   3   4
   5   6

>> a(:,2)
ans =

   2
   4
   6

>> a(:,1)=[23,44,55]
a =

   23    2
   44    4
   55    6

>> a=[a,[100;200;300]]
a =

    23     2   100
    44     4   200
    55     6   300

>> a(:)
ans =

    23
    44
    55
     2
     4
     6
   100
   200
   300

>> a=[1 2; 3 4; 5 6;]
a =

   1   2
   3   4
   5   6

>> b=[11 12; 13 14; 15 16]
b =

   11   12
   13   14
   15   16

>> [a b]
ans =

    1    2   11   12
    3    4   13   14
    5    6   15   16

>> [a;b]
ans =

    1    2
    3    4
    5    6
   11   12
   13   14
   15   16

>> [a,b]
ans =

    1    2   11   12
    3    4   13   14
    5    6   15   16

>> edit class2.mat
>>